A 0.010683761 0.002136752 0.002136752 0.002136752 0.002136752
T 0.002136752 0.002136752 0.002136752 0.002136752 0.831196581
G 0.002136752 0.002136752 0.002136752 0.002136752 0.002136752
C 0.985042735 0.993589744 0.993589744 0.993589744 0.164529915
//
A 0.135127693986968 0.0270273126796859 1.35197029039375e-08 0.0135143758087342 0.0135096906910761 0.0135113090493437 0.0405322924924783
T 0.310872581920741 0.0135136563398429 0.0135143758087342 1.35197029039375e-08 0.229750268759468 0.959471107124853 0.689305573793453
G 0.243185057263418 1.60850212785496e-08 1.35171842037328e-08 1.35171842037328e-08 1.60803010501233e-08 0.0135087919129015 0.162098965550741
C 0.310814666828873 0.95945901489545 0.986485597154379 0.986485597154379 0.756740024469155 0.0135087919129015 0.108063168163328
//
A 0.0 0.0 0.0 0.0 0.0 0.0484318327288244 0.520754716981132
T 0.00266193433895297 0.0 0.0173020527859238 0.00443918319029299 0.763975155279503 0.801792191167058 0.340670859538784
G 0.0 0.0 0.0 0.0254513169576798 0.0 0.14785577128227 0.110272536687631
C 0.997338065661047 1.0 0.982697947214076 0.970109499852027 0.236024844720497 0.00192020482184766 0.0283018867924528
//
A 0.173447527822513 0.350680400754349 0.105109944424087 0.000997008973080758 0.000958040691820345 0.00099678536719081 0.00079664136002613 0.17137415646262 0.214626638847248 0.114069720398716 0.408910904878853 0.16873974136377
T 0.0472787419176502 0.059860137671274 0.0729819891152207 0.000997008973080758 0.0400432267960149 0.00121906850407436 0.201765357253818 0.578706717801192 0.0862845958514614 0.271591692265781 0.464254708703383 0.308794833600572
G 0.278508561081332 0.521679704311944 0.378824970213739 0.000997008973080758 0.000958040691820345 0.000998778937925192 0.00079664136002613 0.000579285424518993 0.66596119177751 0.508255078993004 0.0155980297030163 0.316258535027214
C 0.500765169178505 0.0677797572624336 0.443083096246953 0.997008973080758 0.958040691820344 0.99678536719081 0.79664136002613 0.249339840311668 0.0331275735237805 0.106083508342499 0.111236356714748 0.206206890008444