A 0.054 0.084 0.032 0.054 0.202 0.035 0.101 0.022 0.108
T 0.059 0.217 0.052 0.324 0.121 0.017 0.046 0.035 0.098
G 0.84 0.279 0.042 0.309 0.363 0.876 0.428 0.03 0.2
C 0.048 0.42 0.874 0.313 0.314 0.072 0.425 0.913 0.593
//
A 0.0421 0.0138 0.0989 0.028 0.0067 0.1414 0.1911 0.0705 0.1202 0.0067 0.1131
T 0.1343 0.1131 0.0705 0.1911 0.0067 0.418 0.0067 0.0421 0.035 0.035 0.028
G 0.6281 0.699 0.7486 0.1387 0.1103 0.1813 0.6423 0.8834 0.4295 0.0181 0.0465
C 0.1955 0.1742 0.082 0.6423 0.8763 0.2593 0.16 0.004 0.4153 0.9401 0.8125
//
A 0.0234446679636639 0.000749503711137497 0.00085509536606093 0.32613692464986 0.0757898680741094 0.148223644134289 0.000381861319193488 0.0735039643442537
T 0.584957476629867 0.0446320301744015 0.47644214734005 0.0359603206382004 0.120670823963625 0.0101375125096291 0.0683145365040424 0.101177883619345
G 0.201565252433608 0.009125620954537 0.139205503310424 0.557662783489518 0.746422308209733 0.58713440715764 0.0160448222060381 0.124126329558723
C 0.190032602972862 0.945492845159924 0.383497253983464 0.0802399712224217 0.0571169997525336 0.254504436198442 0.915258779970726 0.701191822477679
//
A 0.294534606220872 0.310078180038109 0.457812214770558 0.189620175776809 0.251220994326266 0.0225649050210457 0.0950319753952722 0.00268486822866565 0.359955529074541 0.279224200722856
T 0.315890774834375 0.353125832477041 0.24627753439872 0.426248707563686 0.00608808149866529 0.0684700089702537 0.00364812529586792 0.114163502110456 0.0878807246574908 0.176269671346082
G 0.205489821968956 0.152448137974993 0.143517802769829 0.104065758904508 0.386191363601333 0.842518671621492 0.0175352548640491 0.0311131839292047 0.209763455500543 0.337651752380281
C 0.184084796975797 0.184347849509857 0.152392448060893 0.280065357754998 0.356499560573735 0.066446414387209 0.883784644444811 0.852038445731674 0.342400290767425 0.206854375550781
//
A 0.188855377940513 0.0527364998799395 0.241466981046924 0.0434352708524613 0.0214394606002424 0.000493011804181628 0.334292878483019 0.000987666026659082 0.350079623813881 0.00849923140674918 0.0799685206148832 0.084700782897417 0.112426935258788
T 0.126884626538048 0.077744298533149 0.175621243611118 0.603644928809135 0.000976607324750257 0.332919039080553 0.000381074324736297 0.000987666026659082 0.000384707936172202 0.130917050390143 0.237903595046642 0.527701143844999 0.518971792326172
G 0.198515857360262 0.704167332691602 0.582329445896062 0.113870372080698 0.000976607324750257 0.493011804181628 0.381074324736297 0.987666026659082 0.383175235231277 0.000859723994208899 0.0185658034608744 0.150246014273261 0.107761378845776
C 0.485744138161177 0.165351868895309 0.000582329445896062 0.239049428257706 0.976607324750257 0.173576144933638 0.284251722455948 0.0103586412876004 0.26636043301867 0.859723994208899 0.663562080877601 0.237352058984323 0.260839893569265
//
A 0.000961538 0.000961538 0.000961538 0.000961538 0.485576923 0.208653846
T 0.000961538 0.000961538 0.000961538 0.000961538 0.000961538 0.320192308
G 0.997115385 0.997115385 0.000961538 0.1625 0.366346154 0.293269231
C 0.000961538 0.000961538 0.997115385 0.835576923 0.147115385 0.177884615
//
A 0.0 0.0 0.0 0.0 0.0 0.5 0.0 0.0 0.0 1.0 1.0 1.0 0.0
T 0.0 0.0 0.0 0.0 0.0 0.0 0.0 0.0 0.0 0.0 0.0 0.0 1.0
G 1.0 1.0 0.5 0.0 0.0 0.5 1.0 0.0 0.0 0.0 0.0 0.0 0.0
C 0.0 0.0 0.5 1.0 1.0 0.0 0.0 1.0 1.0 0.0 0.0 0.0 0.0
//
A 0.0 0.0 0.0 0.25 0.0 0.0 0.0
T 0.0 0.0 0.0 0.25 0.0 0.0 0.0
G 1.0 1.0 0.0 0.25 1.0 1.0 0.0
C 0.0 0.0 1.0 0.25 0.0 0.0 1.0