A 0.154575878707911 0.40449833084071 0.0438764505265992 0.0230200596423815 0.849760296403961 0.0450392571439158 0.218505303875076 0.407439346529427 0.569941764176727 0.301190195833168
T 0.223784850197443 0.093939185488852 0.890139099133166 0.611775872593474 0.0922917085072664 0.18082586393107 0.35312082833589 0.281432344300325 0.146281696011879 0.304217207625404
G 0.384016338591822 0.12062030179063 0.0635214561959205 0.329101427716287 0.0571085764257099 0.241660655103436 0.286234180373015 0.116733327210262 0.155327250916052 0.227634653096574
C 0.237622932502823 0.380942181879808 0.00246299414431425 0.0361026400478574 0.000839418663062525 0.532474223821578 0.142139687416019 0.194394981959986 0.128449288895342 0.166957943444854
//
A 0.184966652434441 0.0727568081181704 0.125792049956635 0.00138138357535789 0.104547845096848 0.907898411032467 0.165682040713078 0.0428596103698384 0.849821751968269 0.942147831183719 0.334281934535978
T 0.49907795913527 0.184057196311289 0.105412119507168 0.885356066650009 0.299211023105165 0.0640615618272313 0.0424670920624109 0.906112787731467 0.000224691345343447 0.0575526175033611 0.412406019374825
G 0.142207385643742 0.678752384266965 0.0125936811366418 0.0365258306761624 0.569578436576667 0.017828559906342 0.0232959074070973 0.0490873041845588 0.109118179058849 0.000182066934628739 0.150086747394406
C 0.173748002786547 0.0644336113035754 0.756202149399555 0.0767367190984708 0.0266626952213203 0.0102114672339596 0.768554959817414 0.00194029771413604 0.0408353776275382 0.000117484378291693 0.103225298694791
//
A 0.0113 0.3728 0.0113 0.0113 0.9752 0.1198 0.1198 0.9752 0.927 0.0836 0.433 0.18
T 0.2764 0.0113 0.9752 0.6258 0.0113 0.0475 0.7824 0.0113 0.0595 0.7583 0.1439 0.2644
G 0.6814 0.0067 0.0067 0.3561 0.0067 0.1513 0.0067 0.0067 0.0067 0.1513 0.2477 0.3682
C 0.0308 0.6091 0.0067 0.0067 0.0067 0.6814 0.0911 0.0067 0.0067 0.0067 0.1754 0.1875
//
A 0.000990764541172582 0.000727477671416829 0.966399545448095 0.000672389349992897 0.0844879392032981 0.0523956076401745 0.973482221294113 0.989732357322938
T 0.990764540955432 0.727477671384082 0.0316676554609909 0.254048702166061 0.0157620262517586 0.737797474779666 0.0100350918853396 0.00828817796232912
G 0.00360646401435092 0.081121368844107 0.000966399545448362 0.072889558507369 0.590638494186394 0.104878245760934 0.000973482221329692 0.000989732357403239
C 0.00463823048904418 0.190673482100395 0.00096639954546555 0.672389349976577 0.309111540358549 0.104928671819226 0.0155092045992177 0.000989732357329448
//
A 0.14 0.113 0.01 0.008 0.908 0.022 0.118 0.89 0.947 0.066 0.372
T 0.135 0.095 0.836 0.804 0.019 0.024 0.783 0.015 0.024 0.559 0.287
G 0.611 0.065 0.142 0.172 0.048 0.06 0.06 0.007 0.012 0.197 0.066
C 0.114 0.727 0.011 0.016 0.025 0.895 0.039 0.088 0.017 0.178 0.276
//
A 0.30144302156167 0.111301807498476 0.0121642913810621 0.996995056898508 0.0243124498134295 0.117601058869219 0.992900759569081 0.887594184837939 0.148995741356678 0.27842634262867 0.123929050441632 0.209024896083763
T 0.000740332801204609 0.82711686085992 0.404330366485127 0.0010029770272399 0.042120813355853 0.880629755951076 0.00200268083205084 0.0293554024751451 0.525693534337513 0.259894083621987 0.20412826313965 0.268238662273192
G 0.000704780096062015 0.0605035983719032 0.582916014043613 0.0010049710173537 0.000947541102859504 0.000880629755951076 0.00410365883929901 0.000887594184837939 0.254601789776207 0.150965017269515 0.431682192116706 0.350505902694654
C 0.697111865541063 0.00107773326970048 0.000589328090198092 0.000996995056898508 0.932619195727858 0.000888555423754635 0.000992900759569081 0.0821628185020783 0.0707089345296015 0.310714556479828 0.240260494302011 0.172230538948391
//
A 0.0 0.0 1.0 0.0 0.5 1.0 1.0
T 1.0 0.5 0.0 0.0 0.5 0.0 0.0
G 0.0 0.5 0.0 0.5 0.0 0.0 0.0
C 0.0 0.0 0.0 0.5 0.0 0.0 0.0
//
A 0.297139389220055 0.143099656408262 0.148048974175135 0.240165494553105 0.212066674709923 0.397315684262166 0.00598305312103704 0.00884174199192179 0.976940079640434 0.00170170763806015 0.0609906699224145 0.0108832318030441 0.971014462985754 0.981979611273132 0.0359323423296379 0.320054659092044 0.182663106309379 0.247497462456298 0.248746246830484 0.19977492175937
T 0.230650522424309 0.318537548416584 0.418426021242889 0.436723770516736 0.249512839819819 0.0239710117105001 0.981979611273132 0.971014462985754 0.0108832318030441 0.0609906699224145 0.00170170763806015 0.976940079640434 0.00884174199192179 0.00598305312103704 0.418805976877308 0.118645883365386 0.390178973778818 0.239278048501903 0.187833092370994 0.426643151567396
G 0.211102270401314 0.313157700787058 0.305458361688568 0.201124097629886 0.327797304386324 0.0506796893067208 0.00856788465483898 0.00641983834906739 0.009171329155928 0.036985793388438 0.900321829051087 0.00300535940059381 0.0137239566732573 0.00346945095099188 0.516601880968915 0.228813164745992 0.154061217300564 0.204654231771333 0.309117911217458 0.177934627502186
C 0.261107817954322 0.225205094388096 0.128066642893408 0.121986637300273 0.210623181083933 0.528033614720613 0.00346945095099188 0.0137239566732573 0.00300535940059381 0.900321829051087 0.036985793388438 0.009171329155928 0.00641983834906739 0.00856788465483898 0.0286597998241389 0.332486292796577 0.273096702611238 0.308570257270466 0.254302749581064 0.195647299171048
//
A 0.0 0.0 1.0 0.0 0.0 1.0 1.0
T 1.0 0.5 0.0 0.0 1.0 0.0 0.0
G 0.0 0.5 0.0 0.0 0.0 0.0 0.0
C 0.0 0.0 0.0 1.0 0.0 0.0 0.0
//
A	0	0	1	0	1	1	1
C	0	0	0	1	0	0	0
G	0	0	0	0	0	0	0
T	1	1	0	0	0	0	0
//
A	0	0	1	0	0	1	1
C	0	0	0	0	0	0	0
G	0	0	0	1	0	0	0
T	1	1	0	0	1	0	0
//
A	0.333	0	0	1	0	0.5	1	1	0
C	0.333	0	0	0	1	0	0	0	0.333
G	0.333	0	0	0	0	0	0	0	0.333
T	0	1	1	0	0	0.5	0	0	0.333
//
A	0.333	0.333	0	1	0	0	1	1
C	0.333	0	0	0	0.5	0	0	0
G	0.333	0.333	0	0	0.5	0	0	0
T	0	0.333	1	0	0	1	0	0
//
A	0	0.5	0.5	0	0	1	0	0.5	0.5	0
C	0	0	0	0.5	0	0	0.5	0	0	1
G	1	0	0	0.5	0	0	0.5	0	0	0
T	0	0.5	0.5	0	1	0	0	0.5	0.5	0


